Ι 84¹ INDEX.

1161261413 4 13661),
14 6, 16 4 166, 61), 18 4 186,
19661), 20 6, 21661422 4
22 61)), 23 661), 24 6, 25 4
61), 256, 26 4 26 6, 27 6, qua·
ter, 29 b, 30 4 30 6, 61), 316,
34 4 35 6, 36 461), 36661),
37 4 37661), 38 461), 38 6,
1)), 4041)), 40 6, 41 461), 42
6, 61), 43 4 43 6, 61), 44 4 61),
45461), 45 6, 1)), 46 a, 46 6,
47 6, 1)), 486 52653 454 4
54 6, 55 a, 55 6, 56 4 quater,
57 a, bis, 53 6, 59 a, quater, 59
6, 60661), 614 1)), 616, 62 4
62 6, 63 4 63 6, 64 6, ter, 65 4
65 6, 61), 66 a, ter, 66 61)), 67
41)), 67661), 68661469 4
6441)), 63 6611415), 70 a. sexies,
70 61)), 714 72 a, 72661),
73 4 1)), 73 6, quinquies, 74 4
61), 74 6, 75 4 quinquies, 75 6,
76 4 766, 776; Ραναᾱ.,669
412413 6,176, 256324
34 4 37 a, quater, 98 6, 404 45
b, 49 a, 51 6, 546, 57461463
6ὢ6Μ4Μ6Ή6Π4
776; 54714444 614547
6841)),9 6106614126,
13461414 4 15661416 6,
13619461), 236, 244 246,
26427623631432435
461436 4374 61438440
443 6614 46 4 48 6, 506, 51
4Μ6ὥ4ῶ6ὥ6π4

586, 596, 654 674 63669·

4ΜΝ4ψΜΉ4Π4
72666734744754756
6642634444666
47694Ν6Η4Ὼ4
ΜΗ6Η6Μ4Μ6Μ
Ὴ6Ώ4Ὧ6Ἇ4π6π
4Μ4Μ4Ὼ6π6π6
3746439464414416
43447643),4449451
4Μ6ω4ὥ6ῶ6ω4
ffimwmfflmfflmffimffi

4 67 4 68 b, 61), 694 61), 71

4444445444
αι Nat.Deor.‚1b‚2a‚2b,bis,

446145 66146 46661),
7661484 9496104 10
6, 114116126, 144146,
154 1)), 156164176, 19 4
22 623 4 236, 24 424 6,
1)), 25 4 27 6, 28 6, 30 6, 31
432 432 6, 35 6, 36 4 61),
36 6, 37 6, 61), 38 6, 61), 39
b. 404 416, 42 4 42 6, 43 b,
61), 44 4 45 4 46 6, 43 461),
48 6, ter, 494 1)), 49 6, 50 6,
52452 6, 61), 53 4 54 4 54
6, 55 4 614 56 461), 56 6, 57
458 661), 604 61 6, 62 4 62
6636, 664 67469 4 696,
61), 70 a, 70 6, 72 6, 736, 74),
1)),754776ξ6ιῦἰυ.,16,2
426346143644545
664746148461496, 11
ι, 61), 116 12461), 16 4 14
664Μ6Μ4Π6Ν4
quater, 19 6, 20 4 22 4 22 6,
bis, 274614276304614 31
4Μ6Ή4Μ6Ἠ6Μ6
61435 461435 6, 36 4376,
394 41 6, 61442 6, 43 6, 44
6ϋ4ὥ6ω4ϋ6ὥ4
1)), 4361)), 49 6, 50 a, 51 a,
52 6, 5345446656 6, 574
ὤ6ω4ω4ΰ4ω6
quater, 63 6, 64 6, 65 4666,
67467 6, 63 6, 69 6, 61470
6, ter, 716, 72 4 72 6, qnater,
73674475676476677
1); 1157614365 684134
Ὴ6Μ4ω4ω6ἥ6ω
4634 6547514 Lae1‚2b,
61), 343 66144461), 46
quinquies, 6 4 56,1)), 6461),
66, 7 461), 7 61)),3 41)),
86,61),9461),961)), 104
10 6, 61), 11 4 61), 12 41)),12
61)),134614 13 61)), 14 6,
15416 41)),166174614 ⁴
13418 b, bis, 19 4 19 6, 20

b, 61), 21 4 61), 21 6, 61), 22 4
22 6, bis, 23 6, 61424 4 24 6,
25 ι, 61), 25 b, 26461), 266,
61), 27 6, 61), 23 423 6, ter,
29 461), 29 6, 61), 31 6, 61), 32

 

