INDEX. 85

66662616666666665 6ς66686166,56,216,686,
1),366,666.166,976,616,67 416586

6, 616, 36636 6, 396, 396, 016666666606111615.
41661641 6, 426436, 46 circumscriptio proprii, addito ipso,
645 6, 46 6, 166, 46 6, 476, 141).

616, 48 6, 616, 48 6, 49 6, 616, 50 eim 6116616656 6.
6506616526566556, 016666106126.

166156 6166, 57 6166, 58 6, olam devincere, 41 b.

616, 56 6, (16616659 6, 616,61 matriculae 61116, 46 6.

6, 62663 6, 666, 646, 166, 64 0166666666, 171).

6616, 65 6, 616, 656666, 616, Clientes, 29 b.

686616, 69 ι, 69 6, quinquies, commentare, 656.
71666716, 726616, 72 6, 0661666666, 646

616, 73 6, 616, 73 6, 616, 746, Coetus 6661666666, 42 6ς divinus
166, 75666 75 661676 a, 616, animorum, 75 b.

76 6, 7761116166 06666616, 0696666 6616 cohil-8623 ali·
666646666656166, malequam
(mter, 66, quinquies, 76, 166, 06611666 male, 166.
76,66,616,86,166,96,1)16, 6696666666,26,66.

96, 10 6, 166, 11 6, 12 6, 616, eognomennominipmpositum‚ 44 6,
12 6, 166, 16 6, 166, 16 6, 166, 0696666· (quos ipse)‚74a.
146616, 14 6, quinquies, 156, Colere aliquan,8b, 24 b.

15 b, 616, 16 6, 616, 166, 176, 0611661166 nomina, 62 b· 64 a·
17 6 166, 18 6, 616, 186616, 19 0611691666 augurum, 58 b.

6, 166, 19 b, 6666166, 20 aquator, 06169666, 35 6.

20 6, 166, 21 b, 616, 22 6, 23 6, 061169616666.

24 6, 2466166166, 25 6, 25 6, 6611666166.

quater, 26 6, 166, 26 6, quater, 0066166666, 48 6, 49 6, quinquie&
27 6, 27 b. 28 6, 26 6, 29 6, 60 0661616666661.

6616, 60 6, 616, 62 6, 62 6166, comis 61 communis, 54 b.

33 6,(166166, 366616, 84 6, 166, vomitus, 106.

34 6, 616, 35 6, 616, 65 6, 666, commemorare, 95 6.

666166, 67 6,(166166, 386, Comercium habere 6666, 66 b.
6111116166 111111 &mmm ⁷⁵ ‘¹'
6,111,121),111,431,431,1)16, communite„ genn. duobus, 32 6ς
446616, 44 6, 45646 b, 47 6, comm. 61 666616, 546; cum -,
47 6, 616, 48 6, 616, 46 6, 166, 618.

49⁸,bis‚ 506, 506616, 516, 0616666666666616,696

bis, 52 6, ter, 56 6, ter, 64 6, Comparatio contractior, 6 1). 36 6,
616, 55 6616, 551), 56656 6, 66644666661166, 67 6.
57 666586,ῠὸ 6616, 596, eomparativusgradus,2b,9b‚ 16
596, 616, 606, 60 6, 166, 616, 23 postmmmodo-„seth¹ 16
166, 62 6, 616, 62 b, 63 6, 616, 6166166ρί66 -, (eo magis)
666, 646, 646, bis. 65 6, 166, -, 646

65 6616, 66 6, 66 6166, 676, flammare, 636

676616, 69 6166, 69 6, 70 b, Complector 61 contemplor, 15 6.
71 6, 72 6616, 76 6, 74 6, 74 Gompleo 6666161666 vicinorum, 43 6.
6,756,166,776;661]66“6.,66 comptaoratt'o, 276.

1

 

