100 INDEX.

11666666, 846. seneen (eonj. 666166), 45 6, sed

6666661666186μιι1166611, 666),606,866,666616,,666616,
226. 786, 666666-,6611-,766

116666116666616,48 6. Sedere 16 puppi, 176.

Rostra, 29 b. 8666166 auotoritas, 12 6, mam

11666666, 11 b. 66661666, 19 6.

Βω11611166661,226. 86616616846686.

. 8666616, 24 6
866616 detrahitur, 26. 86666166 mlta, 6 6, 166 696669
866616. . . acceptis, 42 6. 6, 6116666, 45 6, -tio initium,
Saepe 66166, 4 b; 6611166666, 75 6. 66 6, 6. 16666616, 566, 58 6,
Saepenumero, 4 6. ι[6616666116 adolescentiae 666·
8661666166, 16, 46, 5 6, 616, 56, 6111616, 57 6, Ievis, 76 b.
66, 76, 8 6 12 6, 126,186, 18 8666666616666, 106, 16666666,
6,616,166. 19 6, 19 16616, 20 28 6, 6161666666, 26 6, senem
6611616621 6, 2816286266, 6166166, 68 6, mereti, 66611,
26 6, 26 6, ter, 28 6, 80 6 816, 661.,66)ι66, 69 6, senex collective,
84685 6, 86 6, 87 6, 616, 886, 646,6666661-1616,786,61616
41 6, 616, 42 6, 44 6, 44 6, 46 6, mem, 78 6.
48 6, 61 6, 51 6, ter, 62 6, 58 b, Senueene 66166, 20 6.
54 6, 57 b, 616, 58 6, 616, 69 6, 86661666(666166616616,66), 656,
59 6, 60 6, ter, 606,616, 64 6, e. moriendi, 66 b.
616, 656, 656686676686, Sententia 6666166, 166, 66661116,
71 6. 71 6, 72 a. 72 6, 74 6, 74 auctoritate, sententia, 186, een·
6, 616, 75 6, 76 e, 616, 77 b. 1661116 judicum, 22 6, mea 661·
86161666 aliquem 6661666666, 20 dem 6611166116, 52 6, mm 16 666-
6, salutari, 57 6. 166116 solum, sed 61161616 nutu,
8666, 75 6. 56 6, 6661661166 principatu, 58
866116, aec. 66166, 546 6.
861, 29 6, 44 6. 8661166 in quedam brachylogia, 5
86116166, 75 6, 77 6. 6, sed . . suisne 666116 16661666,
86116..61966,86. 60 6, 86661696 16 -, 616,
86166, 48 6. 6161661666, 586, 616 een·
Scelus, 87 6 116. 69 b.
Scene (16), 60 6. 86661666 leym, 20 6.
8616661166 (166166)6)·166, 70 6. Sequi aliquid, 85 6.
8616 (6661662 6, lund 6616 66 -, Serere 6666666, 28 6.
52 6, 666, 66166. .. eedfeeere 8666666 alicujus frui, 18 6, 6.
66116, 58 6. quiem, 66616666, 27 6, 66666-
861616666 translate, 18 6, On. 61 multabere, 27 6, quid 611 pro-
P. Scipiones, 27 b. prie, 88 6, emicem, 42 6,.
Scribam 6616661666, 14 6. convivii, 43 6. ,
Scriptum (61) videa, 62 6. 8666166, 416, 47 6, 47 6.
86, 666, interpoe, 5 6, omiss. 6616 Semta recipere 6116666, 58 6.
infin„ 28 6, 27 6, 68 6. 81 e ,6666 pro 166, 16, pro ,666-
86666 me, vivere. 45 e. 166, 6 6, ,)ο61,)ο6.. 10 6, 64 6,
Sed poet 6666616, 8 6, 62 6, Sed 61 placet, 16 6, 6161116,6161-,
reema-,29 6, 6661161666... 17 6, 611,61..61661, 176,
ced 16666, 29 6, post 61, 86 6, Quod 61, 19 6, 6 6661, 20 6,
16166166566616616μι1116666 96166166,6-,666,16-,

 

