INDEX. - 83

664144, 6666744626 606,
744, 764; pro 644444, 664,
606· ,4440441 ,24206 224,
411), 4244 deProvinc. Gom..
624· ,profluam 046 14Ρ14 16
4264406446, 614, 684,
59b‚75b; proPlam„ 2441),
84144174, 22 4286, 29
460681404666462ας
pro aab. Post, 46 4, 44441144,
4684124184224264,
284626664676694, 40
b. 42 6, 47 6, 60 4, 64 6, 664,
67 6, 694, 606, 62 4, 62 b. 66
4Ν6Ή4Ἂ4Π4Μ4
776; pro Marcello, 26 6, 626,
63 44ρ4461944.,24, eb, 18 6,
20 6, 24 6, 296, 41 6, 47 a, 62
46666666464
676,ρνοΙ)44’44.,96 26449
4Η6Μ4Μ6Π4Ὴ4
Ρ611ῴρ.,2 4, 61404, ter, 44,
6466106444124164,
61416619419661420 4,
206224,264,264,276,28
6296626666644046,
614864, 66667467669
6464614444446, 466,
466494, 406614, 604614,
606,614,624,626664,66
6664666676664624
614, 66 4 66 6, 67 4, 684, 60 6,
Ώ4Ή4Ή6Ή4Ἂ6Μ
4766446644.,24144,64,
467661486444144, 104,
114614,124614,126614,16
4, 614, 14 4614, 14 6, 164, 164,
16617417618419419
6206216226264246,
264614, 2662666628 4,
28 6, 29 4296 60 4, quator,
61461461 6924026, 04
466 4, 664614, 674076
686694614,404,416,424,
614, 42 6, ter, 49 6, 466 49 6,

60460661461662466-

6, 644614, 64666 4, 666,
67 6, 144, 68 4 ter, 666614,
696, 606, ter, 61 4444, 61 b,
624, ter, 644, 646144, 666

66 b. 144, 68 4, 706, 71 4, 72 4,
726614, 704764766764,
76 661477 64 ad Ην.. 66,
16414629626466664
6 694406466484 666,
4644441 461416 6 4, 4 4,
46869610 411 412 4,
614, 14 4, 166, 164, 19 6, 20 6,
214614, 21 b. 614, 204, 26 4,
614, 28 4, 28 b, 29 6, 61 4, 624,
64 4664614, 06 6, 686, 60 4,
42 6, 614, 40 6, 44 6, 46 4, 46 6,
614, 466, 47 6, 604, 61 4, 62 6
66 4, 606, 614, 64 4, 66 6, 666,
646664646464
646, 664666, 67 4696 70
6, 74 44444444, 76 4, 76 4, 7764
ad Bm.. 18 6, 66 6, Amet,
6 444, 46614, 64, 66614,
10 6, 144, 18 b, 20 4, 21 4, 21
6224226, 24 6, 27 6, 00 6,
66 6, 66 6, 67 4, 42 4 44 b. 46
4, 47 4, 49 6, 62 6, 66 b. 66 6,
68 6, 61 4, 62 a. 62 6, 66 4, 68
6, 60 b. 70676 44 de 164, 2
42664, 664 4614466
6144746148461466614
04, 0610 4 104, 146614,
16 b. 166, 17 4, 176, 186614,
194, 196, 20 4, 206614, 21 4,
22 4, 614, 22 6, 26 4, 26 6, 244,
24 6, 614, 26 4,·614, 264 26 6,
27 6, 286, 29 4604614606
614, 61 4, 62 6444144, 664614,
64 6, 05 6, 66 4614, 666, 67 4,
614, 07 6, sexies, 66 4, 614, 686,
69 4, 69 6, 40 4, 40 6, 41 4614,
42 4, 42 6614, 464614, 466,
44 4446614, 466, ter, 464,
46 6, 476614, 48 6, 406 60
6, tor, 62 6, 64 6, 664614, 66
4666676 686696, 60 4,
60 6, 61 4, 614, 62 4, 64 4, 614,
66646664646

“ 6, 664, 68 6614, 694, 70, a, 614,

706614, 716, 726614, 764
614 71444.,24,26,64,144,6
6,61444,46,614,64,66144,
64,614,74,76,84,444,86
1449496104106114,

 

