81 INDEX.

1; 11-,11111111,611; mente
ceterisque 11111611, 66 1.

0611111161 16617 6411,
631.

111611ιί11111, 331.

016116 1-111 Hereum, 8 6, 68 a3
61111111.,106,441676;111
Orat.,lb‚3a‚ter,4a‚4b,bis‚5
166,61,66,7681,611,86
66313661110110611
6111116136111111, 146,
16 1, 611, 16 6, quater, 161, ter,
1666111811 1811101611,
111116131146161611,
16 6, quater, 17 1611, 17 6, 611,
131611, 18 6611, 301611, 30
6, 31 1111, 33 6, 611, 34134
6661611361), 361366
381,,611386 4016114111,

x 416 411431441611, 44

6461, 466, 4611466611,

476, 611481486491

ter, 601, 611616611611,

631, quater, b3b, 64 6, 66 a,

66 6, 66 1, 666, 67 6, 611, 681

ω1ω6ω1ὤ6ω1ῶ

1636611646,θό 1, 686

611, 68168 6, 71 1611, 711,

73173 6, 74 a, 611, 74 6, 611,

761 76 6, 76 1; 6111131,

6676,91101,106,111,611,

11 a, 13 a, bis, 13 6, 14 6, 16 6

111161 161), 1761116106

611116111131141, 141),

161661666617618118

6611311611, 31633136

1Μ166Η6Ω1Μ6

46 6, ter, 46 1, 46 6, 47 1 48 6,

601,611641611,661661

67 6, 611686, 611666 661,

701711711731111,766

771;οναι.,11166,1111ι,

Mbwmfflbffibwbw

16618630136161136

1Μ6Μ6Μ6ΜΩ6

61ὣ1ω1ω6ὣ1ῶ

6666711766, deOpt.

611,711,ρ1101111 111),
376606661,11111111.Α.,
11366171116166,11

111611116631688684
666 643661 6601626,
661701),761761,111;ρνο
Rom. 0., 60 6, 661; in 611116,

61611161116

1611611 7111111116
6113136414661161
66611869110161110
6611, 116131, 146161
1661611811)11,186181
10611 a, 11 6131111111,
16661116116 6611171),
611181611, 1861311311
611316311336341346
3663616636 6611, 371
663816640641661141
1611416611441446 46
16646646166466471
4816114811611491496
601, 61 1611, 61 1616611,
631611641611646661
Μ1ω1ω6ω6ω1ω
6611, 63 6641661666,
ter, 676, 68 6, 696, 71 6, 711
6117317 7,36 741746 611,
761,766611,761766,771
77b; prob Μ1111,,81161
Π6,Ν1π1ω1ω6,6
67611 1110111111461691
616, 681) deL.A9‘rar, 2923
pro 1116, Ρ. 1661461666
731111011.,6666,1181116
Ώ666Μ1Μ1ω1ω
643666666667168 6,
701731;ρνοΜ1ν.,96,106,
16616117636141647
6Μ1Μ6Μ1Μ6ὣ6
686 6861118161, 11 1, 14
1176341366,486;ρ)·ο
Α116,364616118661
6361416636641681,
6867311116Γ11116,6119
6,661;Ρο111116.1“18111.486
(wolf. 631, 63 1; pro Domo
111,116186,616; de Ha·
ηερ. unp.. 101, 16 644148
b(Wolf. 311), 68 6; pro sm„
417176106111166
171),181),18111631140
6,Μ6ὥ6ϋ1ὣ6ὢ6

 

